N=3;
A3=1;
A2=A3;
A1=A2;
f1= 10;     
f2=20;
f3=30;