1+2
2*(5+2)*5
x=1+2j
sqrt(64)
v=[1 2 3 4]
v(2)
v(2)=-10
a=[2 3 4; 1 2 3]
B=magic(4)